48 72
0 1
0 2
0 3
1 0
1 39
1 47
2 0
2 21
2 39
3 0
3 4
3 5
4 3
4 33
4 6
5 3
5 6
5 7
6 5
6 43
6 4
7 5
7 8
7 9
8 7
8 29
8 10
9 7
9 10
9 11
10 9
10 38
10 8
11 9
11 12
11 13
12 11
12 24
12 14
13 11
13 14
13 15
14 13
14 34
14 12
15 13
15 16
15 17
16 15
16 46
16 18
17 15
17 18
17 19
18 17
18 30
18 16
19 17
19 20
19 21
20 19
20 22
20 42
21 19
21 22
21 2
22 21
22 20
22 23
23 22
23 24
23 25
24 23
24 26
24 12
25 23
25 26
25 27
26 25
26 45
26 24
27 25
27 28
27 29
28 27
28 30
28 31
29 27
29 30
29 8
30 29
30 28
30 18
31 28
31 32
31 33
32 31
32 34
32 35
33 31
33 34
33 4
34 33
34 32
34 14
35 32
35 36
35 37
36 35
36 38
36 40
37 35
37 38
37 39
38 37
38 36
38 10
39 37
39 2
39 1
40 36
40 41
40 42
41 40
41 43
41 44
42 40
42 43
42 20
43 42
43 41
43 6
44 41
44 45
44 46
45 44
45 47
45 26
46 44
46 47
46 16
47 46
47 45
47 1
